1 2 2
2 3 4
2 9 3
9 2 3
3 4 4
4 5 2.5
4 11 3.5
5 6 3
6 7 2
6 13 4
13 6 4
8 1 7
9 8 7
10 3 4
10 9 2
11 18 4
12 11 5
12 5 6
13 12 8
14 13 9
14 7 1
15 8 4
15 16 6
16 17 7
16 9 5
9 16 5
17 18 6
17 10 4
18 19 6
19 20  7
19 12 5
20 13 4
13 20 5
20 21 5
21 14 6
22 15 1
22 23 3
23 22 8
23 16 6
16 23 6
23 24 7
24 23 7
24 17 4
24 25 4
25 24 4
18 25 5
25 26 4
26 25 4
26 19 3
26 27 5
27 26 5
27 20 3
20 27 3
27 28 3
28 27 7
28 21 8
29 22 4
29 30 5
30 23 5
23 20 5
30 31 3
31 24 6
31 32 7
25 32 10
32 29 5
32 33 6
33 26 3
33 34 6
34 27 6
27 34 6
34 35 8
35 28 5
36 29 4
37 36 4
37 30 4
30 37 4
38 37 5
38 31 8
39 38 3
32 39 5
40 39 9
40 33 6
41 40 5
41 34 8
34 41 8
42 41 5
42 35 4
43 36 3
43 44 6
44 37 6
37 44 6
44 45 3
45 38 5
45 46 4
38 46 5
46 47 3
47 40 4
47 48 3
48 41 4
41 48 4
48 49 5
49 42 5